A8m_L
1 0 255 0 255
A8m_R
2 0 0 255 255
A8dl_L
3 255 0 0 255
A8dl_R
4 0 246 255 255
A9l_L
5 255 123 220 255
A9l_R
6 255 220 123 255
A6dl_L
7 0 141 255 255
A6dl_R
8 0 106 9 255
A6m_L
9 158 70 53 255
A6m_R
10 62 0 106 255
A9m_L
11 255 237 255 255
A9m_R
12 141 255 158 255
A10m_L
13 229 0 255 255
A10m_R
14 79 123 141 255
A9/46d_L
15 220 255 0 255
A9/46d_R
16 255 0 106 255
IFJ_L
17 237 132 0 255
IFJ_R
18 123 88 246 255
A46_L
19 141 0 88 255
A46_R
20 123 106 0 255
A9/46v_L
21 158 185 141 255
A9/46v_R
22 141 106 176 255
A8vl_L
23 97 185 0 255
A8vl_R
24 255 158 176 255
A6vl_L
25 0 44 97 255
A6vl_R
26 62 193 255 255
A10l_L
27 62 79 44 255
A10l_R
28 167 9 167 255
A44d_L
29 97 62 79 255
A44d_R
30 0 185 141 255
IFS_L
31 255 211 0 255
IFS_R
32 255 106 79 255
A45c_L
33 0 0 158 255
A45c_R
34 70 0 0 255
A45r_L
35 237 185 255 255
A45r_R
36 202 149 106 255
A44op_L
37 255 0 167 255
A44op_R
38 220 255 123 255
A44v_L
39 44 70 176 255
A44v_R
40 158 167 0 255
A14m_L
41 149 211 220 255
A14m_R
42 176 149 167 255
A12/47o_L
43 202 132 255 255
A12/47o_R
44 0 255 114 255
A11l_L
45 167 0 0 255
A11l_R
46 132 0 229 255
A11m_L
47 44 0 44 255
A11m_R
48 255 255 202 255
A13_L
49 229 79 141 255
A13_R
50 176 255 211 255
A12/47l_L
51 0 176 79 255
A12/47l_R
52 88 53 0 255
A4hf_L
53 0 106 167 255
A4hf_R
54 149 167 229 255
A6cdl_L
55 141 193 97 255
A6cdl_R
56 35 123 97 255
A4ul_L
57 176 97 132 255
A4ul_R
58 176 0 62 255
A4t_L
59 167 88 0 255
A4t_R
60 255 62 229 255
A4tl_L
61 0 62 70 255
A4tl_R
62 149 255 62 255
A6cvl_L
63 132 106 88 255
A6cvl_R
64 0 255 202 255
A1/2/3ll_L
65 202 149 44 255
A1/2/3ll_R
66 255 0 62 255
A4ll_L
67 106 132 62 255
A4ll_R
68 0 62 255 255
A38m_L
69 0 167 176 255
A38m_R
70 202 88 255 255
A41/42_L
71 255 202 185 255
A41/42_R
72 106 44 106 255
TE1.0/TE1.2_L
73 255 158 97 255
TE1.0/TE1.2_R
74 132 70 185 255
A22c_L
75 176 70 158 255
A22c_R
76 149 149 255 255
A38l_L
77 255 106 123 255
A38l_R
78 0 106 255 255
A22r_L
79 114 9 176 255
A22r_R
80 176 167 79 255
A21c_L
81 229 79 0 255
A21c_R
82 0 0 70 255
A21r_L
83 53 35 18 255
A21r_R
84 88 141 0 255
A37dl_L
85 0 35 9 255
A37dl_R
86 26 211 18 255
aSTS_L
87 123 44 62 255
aSTS_R
88 88 88 132 255
A20iv_L
89 237 237 70 255
A20iv_R
90 0 62 0 255
A37elv_L
91 211 229 211 255
A37elv_R
92 114 0 0 255
A20r_L
93 202 246 167 255
A20r_R
94 167 211 9 255
A20il_L
95 246 141 123 255
A20il_R
96 26 141 79 255
A37vl_L
97 114 141 123 255
A37vl_R
98 193 0 132 255
A20cl_L
99 0 18 44 255
A20cl_R
100 106 220 202 255
A20cv_L
101 70 79 0 255
A20cv_R
102 149 97 44 255
A20rv_L
103 185 114 106 255
A20rv_R
104 0 26 141 255
A37mv_L
105 0 255 158 255
A37mv_R
106 255 176 9 255
A37lv_L
107 123 202 141 255
A37lv_R
108 123 237 97 255
A35/36r_L
109 79 88 88 255
A35/36r_R
110 220 132 193 255
A35/36c_L
111 114 0 114 255
A35/36c_R
112 211 193 141 255
TL_L
113 185 193 220 255
TL_R
114 79 97 176 255
A28/34_L
115 88 0 53 255
A28/34_R
116 193 79 97 255
TI_L
117 70 53 123 255
TI_R
118 220 193 53 255
TH_L
119 185 167 149 255
TH_R
120 220 97 229 255
rpSTS_L
121 141 123 70 255
rpSTS_R
122 0 141 185 255
cpSTS_L
123 9 62 211 255
cpSTS_R
124 114 106 229 255
A7r_L
125 255 193 229 255
A7r_R
126 70 149 229 255
A7c_L
127 0 149 0 255
A7c_R
128 44 9 18 255
A5l_L
129 193 79 44 255
A5l_R
130 255 193 132 255
A7pc_L
131 44 44 53 255
A7pc_R
132 53 220 255 255
A7ip_L
133 211 53 62 255
A7ip_R
134 141 106 141 255
A39c_L
135 106 176 149 255
A39c_R
136 35 0 202 255
A39rd_L
137 211 220 123 255
A39rd_R
138 123 53 0 255
A40rd_L
139 167 0 211 255
A40rd_R
140 18 79 114 255
A40c_L
141 9 79 62 255
A40c_R
142 246 158 255 255
A39rv_L
143 114 176 211 255
A39rv_R
144 106 62 53 255
A40rv_L
145 53 106 53 255
A40rv_R
146 220 62 185 255
A7m_L
147 0 202 70 255
A7m_R
148 62 44 79 255
A5m_L
149 246 9 132 255
A5m_R
150 185 149 202 255
dmPOS_L
151 220 18 18 255
dmPOS_R
152 176 255 246 255
A31_L
153 62 220 149 255
A31_R
154 167 202 70 255
A1/2/3ulhf_L
155 132 141 176 255
A1/2/3ulhf_R
156 88 53 185 255
A1/2/3tonIa_L
157 193 149 237 255
A1/2/3tonIa_R
158 97 114 0 255
A2_L
159 255 132 185 255
A2_R
160 185 0 97 255
A1/2/3tru_L
161 167 237 123 255
A1/2/3tru_R
162 255 246 0 255
G_L
163 255 193 79 255
G_R
164 220 106 35 255
vIa_L
165 123 0 35 255
vIa_R
166 193 255 88 255
dIa_L
167 158 185 176 255
dIa_R
168 185 70 132 255
vId/vIg_L
169 202 123 70 255
vId/vIg_R
170 176 106 202 255
dIg_L
171 79 149 62 255
dIg_R
172 0 62 141 255
dId_L
173 88 44 211 255
dId_R
174 246 79 176 255
A23d_L
175 158 141 9 255
A23d_R
176 123 123 132 255
A24rv_L
177 132 53 97 255
A24rv_R
178 106 158 106 255
A32p_L
179 149 97 106 255
A32p_R
180 106 202 88 255
A23v_L
181 211 158 158 255
A23v_R
182 158 88 149 255
A24cd_L
183 26 35 123 255
A24cd_R
184 62 9 79 255
A23c_L
185 220 193 202 255
A23c_R
186 149 62 237 255
A32sg_L
187 167 97 237 255
A32sg_R
188 97 79 44 255
cLinG_L
189 0 106 106 255
cLinG_R
190 255 246 123 255
rCunG_L
191 88 255 229 255
rCunG_R
192 211 237 255 255
cCunG_L
193 97 35 255 255
cCunG_R
194 106 9 141 255
rLinG_L
195 132 62 149 255
rLinG_R
196 106 114 79 255
vmPOS_L
197 132 255 193 255
vmPOS_R
198 158 0 132 255
mOccG_L
199 97 158 158 255
mOccG_R
200 202 0 202 255
V5/MT+_L
201 35 106 220 255
V5/MT+_R
202 35 44 0 255
OPC_L
203 220 97 88 255
OPC_R
204 114 123 185 255
iOccG_L
205 149 18 70 255
iOccG_R
206 211 202 255 255
msOccG_L
207 185 0 255 255
msOccG_R
208 0 158 141 255
lsOccG_L
209 211 149 185 255
lsOccG_R
210 44 88 0 255
