mAmyg_L
211 97 35 9 255
mAmyg_R
212 123 97 193 255
lAmyg_L
213 255 176 149 255
lAmyg_R
214 132 158 62 255
rHipp_L
215 26 18 62 255
rHipp_R
216 167 211 255 255
cHipp_L
217 97 255 79 255
cHipp_R
218 246 158 62 255
vCa_L
219 0 176 211 255
vCa_R
220 62 0 141 255
GP_L
221 220 114 141 255
GP_R
222 88 53 149 255
NAC_L
223 0 114 202 255
NAC_R
224 167 132 53 255
vmPu_L
225 70 26 53 255
vmPu_R
226 70 106 88 255
dCa_L
227 229 53 106 255
dCa_R
228 26 0 26 255
dlPu_L
229 158 0 26 255
dlPu_R
230 255 70 97 255
mPFtha_L
231 158 176 106 255
mPFtha_R
232 158 220 193 255
mPMtha_L
233 106 70 114 255
mPMtha_R
234 0 132 149 255
Stha_L
235 211 246 202 255
Stha_R
236 149 44 0 255
rTtha_L
237 246 229 202 255
rTtha_R
238 149 220 70 255
PPtha_L
239 79 123 167 255
PPtha_R
240 176 246 0 255
Otha_L
241 167 158 114 255
Otha_R
242 237 70 255 255
cTtha_L
243 167 62 202 255
cTtha_R
244 246 229 158 255
lPFtha_L
245 88 237 123 255
lPFtha_R
246 114 229 237 255
