28 -22 -14
24 -4 -18
16 -26 2
10 -14 8
12 14 -6
20 -4 -2
26 0 0
14 10 10
-26 -22 -14
-22 -4 -18
-14 -26 2
-8 -14 8
-10 14 -6
-18 -4 -2
-24 0 0
-12 10 10
-11.2 -52.4 36.5
-18.8 -48.7 65
-51.8 -7.8 38.5
-11.7 26.7 57
-18.4 -85.5 21.6
-47.2 -58 30.8
-38.1 48.8 10.5
-16.8 -60.1 -5.4
-55.9 -47.7 -9.3
-32 -29.3 15.6
-29.3 5.3 -27.4
-6.1 -26 28.5
-14.4 -57.8 18.4
-8.8 -49.8 4.2
-11.3 -83.2 3.9
-22 -58.1 1.5
-9.6 -58 3
-29 -35.9 -8.3
-18.5 -39.2 -1.1
-16.7 -46 -3.7
-16.6 -36.1 42.7
-9.4 -0.1 42.9
-3.8 12.1 64.6
-5.5 29.3 44
-5.6 42.2 35.1
-1.7 -17.7 39.1
-8.4 14.6 33.8
-9 25.3 27.7
-10 33.9 21.5
-10.7 -47.5 60.3
-15.6 -33.1 66.1
-10.9 -29.3 69.5
-6.6 -20.4 74.2
-8 -8.7 62.9
-10.8 -41.1 64.9
-5 -28.2 60.4
-5.4 -15.9 48.8
-35.8 -29.7 54.5
-41.5 -12.5 50.4
-42.1 -4.5 47.3
-27.3 -6.8 46.3
-27.3 1.9 52.9
-19.8 6.4 55.7
-19.5 30.1 45.5
-36.8 -22.8 61.9
-20.5 -24.9 64.5
-23.4 -13.8 64.2
-17.2 -8.6 67.9
-21.3 -0.2 62.7
-28.6 -44.7 61.7
-31.1 -48.9 47.1
-42.9 -45 43
-51.5 -11.9 29.7
-54.1 -21.3 40.8
-51.7 -30.9 39.9
-35.2 -35.3 42
-27.5 -37.2 61.4
-47.2 -31.4 54.8
-46.1 -17.8 52.7
-44.8 -54 14.6
-51.6 -55.9 11.4
-48.1 -40 2.4
-57.7 -40.6 35.8
-46.3 -41.4 25.9
-35.8 -33.5 19.9
-52.7 -20.6 5.4
-59.6 -38.5 16.5
-58.7 -29.9 11.1
-40.6 -38.3 14.5
-33.7 -21.8 9.9
-38.7 -16 -5.3
-39.1 -1.6 -12.2
-33.6 17.2 -31.5
-43.6 36.3 8.5
-50 20.8 10.6
-37.7 2.9 11.7
-37.2 -14 19.4
-40.3 50.4 -4.8
-47.2 39 -9.1
-29.1 20.5 -14
-36.6 1.4 6.4
-37.3 8.9 -0.9
-32.5 17.2 -7.8
-28.8 23.7 8.4
-44.3 33.2 -7.2
-45.4 28.8 0.8
-20.4 -64.6 51.4
-25.8 -65 32.2
-12.7 -64.9 31.8
-13.7 -77.4 26.6
-9.9 -56.9 59.8
-7.1 -63.7 54.9
-10.9 -73.4 42.9
-39.3 -73.9 38.3
-30 -74.1 36.1
-34.1 -61 42.4
-31.3 -84.2 9
-34.2 -86.6 -0.5
-43.4 -67.6 9.7
-46.2 -57.7 -7.9
-59.8 -4.1 8.8
-52.2 -14.1 15.2
-55.1 -32.3 23
-50.6 -22.4 19.2
-58.8 -23.9 31
-45.2 2.7 32.4
-34.7 5.6 34
-43 19.4 33.5
-40.2 23.6 23.3
-37.6 38.4 17.2
-51.8 -0.6 5
-48.6 7.5 11.1
-41.6 8.7 22.2
-27.5 53.6 0
-23.4 61 -6.8
-5.9 54.8 -11.3
-6.8 38.2 -9.4
-31.8 2.6 -16.8
-34.7 35.6 -9.6
-22.5 32.1 -13.6
-23.8 52.2 -12.8
-17.3 46.6 -17.9
-13.3 24 -16.4
-8.9 45.5 -20.8
-2.5 33.8 -26.2
-63.2 -28.7 -7.2
-53.1 -11.4 -16
-53.2 -13 -29.2
-44.6 9 -37
-33.8 -33.2 -15.4
-28.8 -58.8 -9.1
-34.4 -63.9 -15.7
-55.1 -39.6 -16.2
-32 -3.9 -45.2
-38.6 -13 -26.9
-34.3 -43.8 -21.6
-5.4 -88 18.6
-8.6 -77.5 -3.5
-41.2 -72.1 -5.9
-25.2 -97.2 -7.9
-22.6 -81.7 -11.7
-20.5 -12.6 -23.7
-22.5 -37.1 -15
-22 -21.9 -17.4
-15.9 48.6 37.2
-19.5 56.3 27.5
-26.6 46.8 20.9
-21.3 63.1 1.9
-28.6 50.9 10.1
-6.5 54.7 18.1
-15.7 64.7 13.7
-6 44.9 6.3
-28.8 38.3 28.2
-26.2 26.6 38.8
-35.7 33.1 32
-29.3 16.8 50.7
-41.7 16.1 47.5
-38.7 4.8 48.4
-50.8 6.9 -20.1
-54.4 -1.4 -0.7
-59 -18 -3
12.3 -51.6 34.5
20.8 -48.2 66.1
49.6 -7.4 36.1
11.9 21.9 59.9
22 -84.6 23.7
47.9 -42.5 41.5
38.1 45.9 7.7
22.3 -46.5 -9.9
59.7 -41 -10.9
33.6 -22.3 13
32.5 13.6 -30.5
7.6 -27 28.4
13.8 -54.1 10.9
15.5 -74.1 9.4
19.6 -45.3 -4.4
15.6 -59.6 -5
24.9 -35.9 -4.8
19.4 -29.9 -9.7
16.2 -33.1 43.2
6.7 5 55.9
7 25.7 47.3
8.4 34.7 22.6
7.7 44.1 5.5
8.6 4.2 40.1
3 -19.6 37.9
8.8 10.8 45.9
6 21.8 32.4
10.3 -57.3 58.3
16.5 -32.8 67.7
4.8 -27.1 64.8
16.2 0.8 67.5
11.9 -40.7 67
5.1 -17.1 51.6
6.8 -8.1 50.9
8 -6.2 63.7
42.3 -11 47.3
42.5 -2.3 47.2
29.2 1.9 52.4
21.9 21 46.2
38.1 -22.4 60.3
19.7 -25 65.2
29.9 -7.8 47.4
12.4 -28.3 69.6
29.2 -13.5 64.2
17 -16.9 70.9
20.9 -6.4 65
22.6 5.6 57.6
29.5 -42.5 60.4
34.2 -40.6 51.6
38.8 -42.6 40.4
53.9 -8.3 26.1
39.6 -31.5 39.7
28 -34.8 63.1
39.2 -34.6 57.5
37.3 -25.9 50.9
48.7 -26.1 52.2
47.8 -15.1 49.3
57.5 -40.3 34.7
48.9 -53 28.6
57.5 -45.3 9
60.9 -38.7 1.7
54.9 -27 29.6
36.4 -30.7 19.4
62.5 -25.6 -5.5
57.1 -17 -2.6
53.8 -15.8 5.2
47.4 -39.6 13.2
45.5 -37.3 3.4
59.2 -38.6 14.6
48.5 -26.5 -0.1
61.7 -24 1.3
60 -25.2 10.2
38.8 -14.4 -5
39.7 1.2 -13.1
36.8 37.8 13.1
52.5 23.7 10.3
36.7 5.2 12.7
38.4 -12.2 20
42.8 48.3 -5.1
48.1 38.3 -9.2
45.2 30.7 -5.6
27.4 19.7 -14.9
36.6 -10 12.4
39.6 10.4 -1.6
36.5 5.7 6
30.6 22.8 -4.7
33.7 22.6 3.7
34 24.4 10
48.1 38.4 2.4
26.8 -55 54.2
23 -66.4 51.8
32.3 -63.6 33.8
15.6 -69.5 39.6
17.6 -78.3 34
7.7 -85.6 31.6
7.4 -69.3 49.9
35.4 -77.1 21.1
46.5 -67.3 36.2
41.5 -53.5 44
35.7 -56.7 45.2
33.5 -48.2 49.4
31.7 -85.7 2.4
43.8 -67.2 2
47.3 -52.4 -11.7
57 -53.8 -1.1
49 -54.5 8.8
60.9 -2.2 10.7
54.2 -13.6 16.9
53 -22.7 39.1
47.3 2 37.6
37.8 28.7 35.6
41.8 29.1 21.6
50.1 3 3.9
46.6 7.8 19.3
38.6 18.8 25.5
28.4 57 -5.1
4.8 65.1 -7.1
7.2 48.4 -10.1
2.9 18.7 -23.2
35.1 37.3 -8.4
25.4 8.9 -15.7
21.2 30.3 -15.2
21.6 51.1 -14.1
11.9 25.7 -24.8
13.5 20.3 -15.2
10.9 39.1 -19.7
2.2 39 -25.6
62.3 -26.4 -16
57.5 -7.4 -16.4
54.7 -7.8 -26.9
45.2 13.6 -30.1
31.2 -45.6 -5.8
34.6 -35.6 -12.3
34.6 -23.9 -20.4
20.1 -21.4 -21.5
28 -0.4 -37.3
26.9 -69.1 -6.6
34.9 -44 -20
36.8 7.7 -37.9
54.5 -9.6 -37
56.4 -27 -19.4
31.1 2.2 -46.1
39.5 -11.9 -29.7
31.6 -9.4 -35.5
43.4 -24.1 -20.8
13.8 -92.3 14.7
10.5 -73.8 -1.5
20.4 -87.3 -6.6
5.1 -80.2 23.1
14.6 -70.3 23.3
19.5 -10.8 -24.9
24.5 -36.2 -13.2
30.4 -18.8 -19.4
21 32.8 42.1
21.4 42.8 35.1
24.4 50.8 24.3
31.3 39.7 25.6
23.5 59.1 4.9
30.9 52.2 9.9
16 61 19.8
8.2 53.8 14
5.9 54.9 29.4
13.8 46.7 42.1
6.8 44.5 34.8
30.6 18.9 48.7
42.4 19.5 48.2
38.9 9.6 42.7
39.7 -22.5 2.6
55.8 2 -2
54.4 1.1 -12.9
57.1 -6.3 -7.7
46.6 -21.5 -8.5

