28 -22 -14
24 -4 -18
16 -26 2
10 -14 8
12 14 -6
20 -4 -2
26 0 0
14 10 10
-26 -22 -14
-22 -4 -18
-14 -26 2
-8 -14 8
-10 14 -6
-18 -4 -2
-24 0 0
-12 10 10
-32 -30 -36
-24 -24 -36
-18 -46 -16
-12 -6 -24
-14 -42 -8
-14 -46 -4
-24 -14 -8
-18 -40 -10
-2 -12 -26
-32 -16 -12
-22 -50 -56
-36 -38 -36
-58 -40 -48
-60 -48 -62
-60 -62 -54
-54 -52 -48
-8 -40 -48
-48 -38 -8
-4 -4 -36
-30 -32 -30
-24 -20 -8
-4 -14 -18
-18 -12 -44
-48 -56 -48
-26 -54 -22
-46 -34 -28
-38 -36 -14
-28 -8 -20
-14 -40 -26
-30 -22 -50
-50 -54 -58
-62 -62 -58
-44 -38 -32
-40 -32 -36
-44 -50 -52
-28 -6 -6
-12 -6 -12
-6 -8 -12
-24 -10 -4
-16 -38 -24
-26 -54 -40
-44 -32 -20
-28 -58 -54
-34 -42 -44
-60 -26 -42
-48 -38 -28
-42 -44 -40
-36 -34 -10
-4 -4 -4
-4 -54 -62
-60 -56 -52
-60 -52 -60
-62 -52 -58
-46 -40 -48
-56 -42 -48
-36 -36 -4
-6 -46 -28
-48 -6 -6
-54 -16 -6
-4 -14 -22
-24 -40 -8
-18 -42 -30
-22 -12 -6
-8 -14 -4
-6 -10 -6
-8 -4 -2
-2 -6 34
30 36 38
26 24 18
20 50 42
10 14 26
18 8 48
14 36 10
22 24 44
12 16 4
28 36 14
16 30 52
62 54 40
38 34 60
64 42 42
50 60 48
62 60 60
62 52 54
12 52 44
50 6 44
38 32 30
34 4 28
10 22 22
22 16 16
6 16 12
50 60 54
46 32 58
18 44 46
30 36 20
36 34 8
26 8 14
24 40 28
24 48 60
52 62 58
60 62 62
52 40 40
40 40 36
38 48 54
32 8 8
12 6 10
10 6 16
14 22 8
20 4 10
28 48 36
40 28 50
22 54 56
36 54 46
42 62 64
34 28 42
28 50 42
50 48 26
48 38 38
44 42 34
24 14 6
6 4 8
4 54 48
54 56 48
50 60 48
54 64 48
64 50 34
36 48 54
6 10 8
8 18 6
6 16 4
26 14 24
12 12 8
16 6 4
6 4 10
8 -42 -32
-62 -54 -72
-82 -38 -70
-86 -62 -76
-96 -44 -86
-98 -56 -74
-88 -96 -48
-74 -64 -84
-96 -84 -72
-84 -84 -88
-82 -78 -10
-22 -24 -8
-26 -36 -36
-12 -2 -24
-18 -2 -10
-8 -20 -6
-16 -16 -14
-18 -30 -24
-38 -24 -8
-20 -46 -30
-38 -10 -24
-42 -26 -12
-32 -40 -26
-42 -56 -62
-66 -70 -32
-66 -30 -46
-58 -38 -52
-70 -62 -58
-56 -50 -2
0 -8 6
6 2 -32
-44 -24 -36
-54 6 2
24 -14 18
4 12 2
8 44 22
0 -28 10
-42 -48 -2
24 22 48
24 64 -6
6 -10 -22
-22 12 12
-20 -74 -42
-50 -62 -52
-42 -48 50
48 36 50
56 38 20
8 32 16
-78 -64 6
-22 28 -2
-18 -36 -8
6 -34 -22
-12 -32 -44
-48 -58 -78
-64 -54 -72
-60 22 36
56 36 32
58 28 60
44 20 68
34 52 58
50 28 20
42 36 8
14 20 24
10 -52 -60
-54 -40 -70
-60 -44 -34
-16 -68 -50
-36 -30 -54
-74 -52 -74
-36 -88 -64
-84 -72 -58
-96 -44 -92
-66 -46 -88
-74 -60 -98
-78 -94 -66
-80 -88 -78
-78 -86 -78
4 -18 -14
-20 -8 -22
-24 -34 -14
-30 -10 0
-22 -12 6
-6 -14 -6
-16 -18 -12
-10 -26 -10
-22 -20 -34
-40 -28 -24
-10 -40 -24
-28 -34 -6
-46 -22 -18
-32 -50 -54
-56 -76 -66
-22 -78 -38
-28 -64 -44
-68 -36 -50
-72 -58 -54
-64 -50 -4
-4 -2 8
-46 -40 -40
-32 -22 -26
-38 4 6
8 -10 -2
22 8 4
12 44 18
2 -34 10
-44 -32 -2
6 24 22
46 42 22
62 -2 -6
18 -14 12
-28 -18 -52
-40 -70 -32
-44 -56 -28
-42 22 54
50 60 40
46 30 18
54 28 10
34 18 6
16 10 -72
-64 -28 2
34 28 -46
-64 -54 -46
-64 8 -8
16 -4 -24
-20 -38 -34
22 38 32
24 42 66
42 54 64
26 58 52
44 34 38
26 20 -56
-44 -64 -52
-64 -38 -20
-52 -50 -20
-18 -16 -8
-10 -16 -12
-8 -16 -4
-6 -12 -6
-4 -8 2
6 2 6
4 10 6
14 18 24
20 22 26
34 36 44
0 8 10
12 18 16
14 14 10
18 20 24
32 30 40
44 40 48
48 54 58
52 54 56
60 64 62
62 66 64
66 70 68
72 68 72
74 -22 -16
0 16 30
44 46 44
40 50 50
56 58 62
64 66 72
52 56 52
64 26 38
22 28 32
34 10 -16
-4 0 -2
8 10 2
4 14 30
32 40 42
48 48 56
70 -20 -20
-22 -20 -8
-42 -40 -32
-30 -26 -34
-30 -26 42
46 44 48
48 46 -10
-14 -6 10
10 12 22
26 34 38
-8 46 52
28 30 48
-30 -20 -18
-14 -12 -4
-6 -2 6
4 16 20
30 32 30
44 46 -16
-12 -10 -8
-10 0 0
6 6 12
8 20 28
30 32 44
48 52 48
48 58 52
60 64 10
18 20 24
32 30 32
38 38 42
42 -24 -18
-18 -16 -8
-10 -12 -12
-10 -12 -6
-4 -10 -2
-2 4 4
2 8 6
8 10 18
18 24 20
24 34 36
36 -6 0
6 4 14
14 10 10
18 18 14
10 18 16
30 26 30
38 40 42
50 48 56
52 54 64
64 64 62
58 64 68
66 68 70
70 74 72
74 76 -18
-2 12 30
36 44 50
50 42 52
44 52 52
54 52 60
60 64 68
52 52 64
24 6 12
22 24 22
38 36 40
-16 -2 -4
6 4 10
4 12 28
36 42 42
58 54 50
66 70 -20
-20 -24 -18
-20 -14 -40
-40 -38 -32
-30 -26 -28
44 48 46
52 46 48
-20 -10 -8
-14 -6 2
6 14 18
24 24 28
34 38 44
50 56 58
40 44 28
30 24 48
20 22 26
32 42 -32
-24 -20 -14
-8 -8 0
2 -18 -14
-8 6 -10
0 4 12
16 18 30
36 40 38
52 50 62
16 20 28
24 32 34
36 36 44
