-10.991589 -84.361099 0.137040 
-42.916667 -66.598214 10.559524 
-15.043112 -81.018335 32.416749 
-12.736656 -81.435209 2.901125 
-18.426111 -84.867841 5.461153 
-30.981621 -84.155671 -1.544298 
-33.513193 -73.607300 -14.740985 
-29.838359 -20.014998 55.155610 
-40.164059 -22.242721 52.182747 
-43.079336 -6.662362 50.422509 
-47.272664 0.082985 41.456764 
-49.365752 -0.816826 50.899165 
-15.028505 -91.902928 27.835131 
-7.418149 -38.897390 17.486951 
-9.177433 -72.266359 37.894715 
-25.350993 -86.056291 28.771523 
-24.691840 -73.962674 38.930556 
-44.440136 -55.714640 -18.881203 
-28.255656 -82.671946 16.934389 
-43.092541 -86.138122 6.874309 
-48.191983 -79.944093 -2.585443 
-47.894161 -76.571950 -10.346715 
-43.989855 -69.978261 11.407246 
-46.498896 -23.505519 10.898455 
-60.683112 -47.073883 25.749877 
-8.810970 17.230684 63.873291 
-6.858639 -49.348822 48.694372 
-62.698435 -51.312186 18.432923 
-5.748227 -67.225768 49.998818 
-6.052556 -61.443711 34.076680 
-12.231298 -58.047583 13.380916 
-4.367052 -19.135838 38.455684 
-5.204348 -55.475362 19.717391 
-4.268848 -41.297017 31.024441 
-10.542751 -43.947955 33.122677 
-7.394004 -41.582441 63.328694 
-15.143979 -37.365969 50.451832 
-13.015493 -29.357277 42.188263 
-15.621097 -48.603580 72.918888 
-7.158505 -15.031701 50.057499 
-10.568306 1.034153 43.801913 
-22.739867 -52.321927 65.989037 
-7.143496 6.032274 56.625124 
-21.092627 4.636617 67.921933 
-8.017305 -60.353715 61.371251 
-15.778114 -73.797461 56.438331 
-38.738394 -47.205144 60.344417 
-32.155546 -55.943643 52.750676 
-25.287443 -64.596141 63.315566 
-26.470641 -66.706406 47.652135 
-48.650337 -25.537843 55.840850 
-40.008165 -32.811820 52.400078 
-35.873109 -20.500000 43.233613 
-34.628205 -13.562978 66.614260 
-10.526417 -14.821326 69.563401 
-60.299006 4.181108 32.425426 
-4.947546 -1.191049 39.359480 
-4.583624 9.423345 28.506969 
-5.749415 18.604215 29.838407 
-9.510823 15.337662 38.727273 
-6.546431 40.810464 -4.523562 
-9.138734 42.599317 25.429236 
-6.409177 33.468616 44.662149 
-12.128302 48.818868 -3.841509 
-7.316092 50.514368 -12.205939 
-37.922402 31.010121 -16.315115 
-38.690759 17.005809 53.302756 
-24.187799 29.161483 44.301037 
-7.519809 54.608831 22.174940 
-11.901615 38.451564 52.869828 
-19.807738 47.569108 38.213526 
-11.394288 66.064911 6.802300 
-44.657612 13.645205 37.767606 
-55.010015 15.738315 16.501027 
-52.235240 27.014118 2.234873 
-47.297521 29.352273 -11.086260 
-41.595281 48.896953 -12.139486 
-54.253559 6.658363 16.951957 
-41.911067 12.012846 26.274704 
-41.897321 2.172619 29.867560 
-48.374185 24.280056 20.185927 
-47.883825 33.679718 9.381900 
-48.645009 30.165913 26.966290 
-37.533498 38.998689 33.574570 
-41.647188 51.372535 8.833820 
-30.691583 46.762563 21.933103 
-23.106950 58.345628 24.211763 
-5.585146 54.125174 -18.885470 
-26.905009 60.463731 -8.362694 
-13.861926 61.852144 -17.272761 
-26.077956 47.405411 -16.261523 
-23.605234 28.130846 -20.860802 
-11.748092 30.405125 -24.727372 
-33.785457 20.715144 -20.384014 
-31.220280 -54.715035 41.174825 
-25.921955 -3.730124 55.148432 
-30.160280 3.704864 55.783714 
-22.948914 25.934433 56.503218 
-57.947146 0.098309 9.308668 
-61.538095 -11.841667 14.599405 
-48.626662 -21.516095 18.811407 
-42.000000 -15.841737 17.665266 
-40.777162 -20.482262 -0.854767 
-41.166225 -35.390066 19.813907 
-52.293228 -31.654899 20.739193 
-41.640744 -4.117844 -0.458969 
-51.586040 4.467515 -7.973222 
-43.929119 13.392173 5.185824 
-38.423709 10.943075 1.643779 
-33.438706 5.370602 -17.817821 
-31.613485 25.008678 -3.676235 
-36.725504 14.219020 -10.904899 
-50.805709 2.698895 4.153775 
-36.500000 3.469780 12.925824 
-44.204403 -4.248428 14.252621 
-56.777662 -24.692067 35.426931 
-40.872549 -38.486360 41.187127 
-21.963631 -9.835305 -28.801597 
-20.356877 -30.865242 -10.902416 
-30.703438 -22.910458 -16.865330 
-23.038922 -54.442116 3.591816 
-30.792051 -8.742929 -33.277612 
-50.457301 15.479968 -21.317080 
-55.120980 -25.352986 8.398162 
-62.759123 -12.641451 -3.067856 
-22.205833 -34.821667 -16.190833 
-34.979062 -34.659129 -20.376047 
-54.331461 -1.945927 -14.108146 
-53.562832 -31.343363 0.583186 
-57.413625 -34.414842 -4.310827 
-37.760110 12.251977 -36.238696 
-60.702228 -3.137376 -24.327723 
-63.440325 -46.694287 -9.984054 
-58.579856 -21.129315 -29.470891 
-42.906298 -20.357911 -30.280338 
-52.682155 -41.834321 -21.578119 
-60.583714 -59.319205 2.627330 
-50.078644 -63.546079 -5.920913 
-54.667960 -45.830981 9.637615 
-53.780000 -63.404314 15.799608 
-44.175835 -71.242633 20.010806 
-18.542324 -72.413693 32.066805 
-39.925332 -85.221239 22.642146 
-42.250374 -48.214499 43.258595 
-32.135182 -70.019931 39.849220 
-32.533257 -79.693807 25.533257 
-65.342679 -22.586449 24.721963 
-62.394297 -35.632498 36.788348 
-51.202334 -55.434138 46.914359 
-49.127270 -64.200202 27.572355 
-42.308463 -76.642539 38.936526 
-23.034483 -85.839080 42.688218 
-20.744105 -51.180999 -7.192094 
-30.118762 -60.991018 -10.482036 
-31.889831 -35.330508 -13.377119 
-49.195811 -77.314208 3.224954 
-48.148765 -67.712675 5.035983 
-35.652542 -89.304314 9.929892 
-47.342415 -76.535346 14.364507 
-29.860502 -51.108150 -5.133229 
-12.636519 -51.648464 35.267918 
-6.484389 -36.792011 44.460514 
-32.413003 -50.579593 -17.683248 
-5.791898 21.549945 -14.002775 
-7.864516 33.674194 -17.019355 
-14.955746 11.665786 -19.484148 
-40.339378 -11.814335 -2.835924 
-36.759740 -15.435065 14.946429 
-36.428129 27.326518 4.115861 
-24.561006 64.046541 1.476101 
-45.451128 43.679699 0.601504 
-37.997751 -1.577061 -45.598051 
-47.439267 -14.742932 2.456021 
-47.329565 -26.131304 8.117391 
-65.665477 -21.207781 6.688243 
-53.189243 -7.365538 -18.667331 
-66.054922 -24.104713 -16.598822 
-45.150549 -1.206593 -15.397802 
-8.282313 30.383735 30.039270 
-5.942887 37.026279 13.388577 
11.439625 -80.960714 2.833474 
45.879705 -61.748773 6.513093 
17.273132 -76.243772 31.429715 
12.473917 -77.941958 4.805265 
17.523179 -83.919692 7.359282 
31.843983 -83.717607 -0.496805 
28.801736 -73.550734 -12.198264 
28.519319 -16.761679 55.322972 
37.467885 -19.640810 51.384387 
43.129126 -2.342718 51.701942 
44.430864 2.283951 38.248148 
48.045610 2.438619 48.395993 
13.946602 -88.915534 30.958252 
4.565802 -33.065338 21.996756 
8.837562 -69.399411 37.236747 
27.214286 -83.099466 32.168892 
24.789935 -70.304247 39.566482 
39.770530 -50.373841 -20.175166 
28.580614 -77.077735 20.062380 
42.218023 -80.324128 5.459302 
45.430000 -81.125000 -3.581667 
44.858386 -75.545095 -13.442247 
50.914530 -67.669516 9.388889 
43.171521 -20.045307 10.394822 
63.519634 -36.183623 27.288934 
6.797189 16.414659 65.909639 
4.623503 -51.454631 50.458412 
58.974876 -43.901988 20.018498 
4.606317 -66.307396 50.412173 
4.045238 -59.216667 33.771429 
10.123723 -56.251222 15.920702 
2.605027 -21.768402 39.627469 
3.443020 -50.978632 19.464387 
2.652580 -40.651482 33.037870 
8.745841 -42.732902 33.938078 
4.331947 -38.726290 65.087354 
10.101599 -41.278148 56.065623 
8.685841 -36.069322 43.731268 
12.303086 -47.975386 74.337619 
5.091926 -15.677710 52.863317 
7.258281 -1.160698 47.069382 
22.691129 -52.784677 68.129032 
5.044759 5.683536 59.543635 
19.801082 6.174072 66.228442 
7.883356 -61.050477 61.399045 
11.417408 -72.952351 58.427573 
35.194960 -46.860301 62.042440 
27.495386 -55.882930 53.758362 
20.583467 -62.268860 64.389246 
26.232768 -67.297740 52.486441 
47.639504 -21.188291 54.268987 
37.071811 -30.196333 51.002292 
30.962585 -19.891156 46.908163 
36.220870 -11.377784 64.606680 
13.976882 -12.546237 68.665054 
57.076134 7.318138 31.572554 
3.785180 -3.061377 41.043413 
2.302065 11.062823 28.875215 
3.573561 19.973348 31.804904 
7.024535 15.125212 41.076142 
3.621331 38.701566 -0.899217 
5.989014 39.346197 27.291549 
3.938193 31.506339 46.458003 
7.140607 49.118436 -2.457993 
4.353738 47.251896 -11.345070 
31.745614 31.871517 -17.813725 
38.147384 20.449195 49.185614 
22.266699 33.072200 42.123772 
5.631309 55.749145 19.801967 
10.583740 43.345999 48.671207 
18.151163 51.411205 33.733263 
8.413219 68.230216 3.165468 
39.126920 19.645940 37.076811 
52.444797 19.808467 14.435472 
49.984995 27.765247 0.984511 
43.353913 32.631594 -14.668696 
36.874443 53.039747 -9.250371 
49.805197 9.656311 15.220594 
38.670172 17.633843 24.014340 
35.447103 7.920655 28.177582 
44.984521 30.234341 17.935565 
47.454964 39.240532 2.242068 
45.851857 33.769405 25.778164 
34.526627 41.790598 30.786325 
39.092593 53.269841 8.484127 
28.192195 51.273458 22.381321 
18.663031 63.394090 18.621777 
1.988845 51.204016 -18.853991 
22.703610 63.230686 -10.136823 
10.174352 62.969741 -18.082709 
23.708413 47.246973 -17.178776 
18.798261 27.146957 -21.177391 
5.884798 33.138955 -25.566983 
29.054961 20.666964 -20.364528 
29.345638 -54.763982 44.130872 
25.316881 -1.207156 53.159450 
31.157953 9.387653 57.425473 
18.951911 24.426634 58.586930 
55.268428 1.720516 10.091523 
58.434026 -10.066280 13.610568 
43.685714 -18.351020 17.919388 
38.446472 -13.607056 18.835766 
37.468085 -20.372340 2.134752 
42.560960 -31.440337 19.475357 
47.053327 -27.489061 22.733364 
39.419222 -2.672786 0.130670 
49.663688 4.801644 -7.720157 
38.976664 15.861132 5.937643 
36.729630 10.422222 2.200000 
31.944919 7.862084 -18.796328 
31.054839 25.459140 -3.779570 
34.563448 15.908966 -11.162759 
45.861491 5.504969 4.265217 
33.350187 8.080524 11.945693 
39.975962 -2.887019 15.216346 
53.373794 -22.223088 38.900148 
36.352903 -40.035484 44.039355 
19.391768 -10.048018 -26.319360 
19.278249 -30.165254 -9.495763 
28.787625 -21.572742 -17.168060 
19.398577 -47.645907 2.117438 
26.496674 -8.284170 -34.522946 
47.905965 17.106208 -21.526172 
56.403409 -17.924513 8.068994 
60.365637 -12.404938 -3.470776 
19.337542 -33.000000 -16.494108 
32.706681 -35.804802 -16.314196 
50.794939 -0.319081 -16.358639 
47.973298 -27.405874 -1.809746 
58.545340 -27.465743 -5.528212 
34.235605 14.571941 -36.940237 
57.343062 0.213112 -27.953212 
61.709155 -40.847943 -12.051010 
53.736949 -17.714221 -31.619487 
39.873682 -19.929662 -30.064158 
47.656202 -36.151863 -22.222307 
59.495406 -52.406891 -5.826799 
48.132269 -60.765413 -10.361390 
53.160202 -43.194949 11.342828 
55.068341 -56.090492 10.174770 
44.930903 -60.392274 20.121328 
17.841254 -68.208911 33.320462 
44.008416 -76.562865 26.836654 
39.780687 -46.445064 45.686266 
33.395310 -68.254606 43.165829 
33.279472 -76.721545 27.120935 
61.499298 -19.775281 23.794944 
59.843388 -29.156307 39.925046 
51.475932 -49.207686 46.020769 
51.613233 -59.281910 30.365327 
43.764458 -67.883807 42.945321 
22.528947 -82.293421 46.461842 
17.557218 -52.301056 -7.915493 
26.663580 -60.577160 -9.603395 
29.101770 -33.851032 -13.783186 
48.290184 -71.973620 -1.779755 
50.587510 -62.537391 1.011535 
38.358862 -82.449672 12.278993 
47.569813 -72.018191 13.933628 
27.018000 -52.884000 -5.968000 
12.122150 -50.812704 35.838762 
5.600000 -39.690909 43.061039 
28.223023 -45.680010 -18.750124 
2.462963 18.361454 -12.801783 
2.551693 30.890374 -15.950980 
11.843243 13.262838 -18.643243 
37.043580 -10.158857 -3.321931 
34.515873 -13.416100 14.982993 
35.761822 28.378893 3.689158 
22.620546 61.915677 1.300475 
45.032657 46.881737 -5.990805 
32.846255 -1.929612 -45.861411 
45.693182 -13.737216 3.431818 
47.691436 -23.629723 9.778338 
63.980196 -13.732340 5.045529 
56.575581 -7.972093 -17.162209 
63.353395 -23.263503 -18.253472 
42.486637 -2.342984 -13.573497 
7.776904 28.490326 31.016324 
3.403778 35.702423 17.041696 
-23.136985 -61.759789 -36.552073 
-10.599379 -19.128882 5.996894 
-12.640110 7.818681 10.082418 
-26.016981 -0.045283 -0.967925 
-19.286195 -4.404040 -2.067340 
0.415899 -30.247120 -32.798963 
-24.680628 -22.630890 -14.086387 
-23.047619 -4.577778 -20.025397 
-7.288889 9.481481 -8.414815 
-10.059490 -15.050992 -10.447592 
23.643045 -61.543088 -36.584864 
11.512821 -18.040064 6.307692 
13.435762 8.884768 10.328477 
26.297030 1.770297 -1.031683 
20.069231 -3.523077 -1.707692 
26.306918 -21.486792 -13.906918 
23.879518 -3.566265 -20.000000 
8.085714 10.542857 -8.057143 
11.176966 -14.418539 -10.123596 
