-5 7 -18
22 -11 13
-18 20 -6
7 -5 6
-8 8 -27
30 -42 42
-28 28 -41
42 -33 42
-32 34 -26
25 -46 45
-47 48 -53
54 -49 51
-39 42 -52
54 -7 6
-36 40 -23
23 -6 6
-10 9 -41
42 -49 55
-32 33 -26
34 -13 15
-52 54 -49
51 -8 10
-4 5 -32
31 -54 54
-50 51 -62
66 -45 47
-55 56 -65
65 -53 51
-59 60 -58
58 -45 46
-51 53 -43
40 -56 55
-55 54 -59
61 -55 54
-33 33 -31
31 -42 43
-27 28 -25
26 -28 30
-19 19 -23
22 -17 19
-54 53 -52
57 -16 19
-15 19 -33
35 -22 23
-27 31 -34
45 -38 39
-51 47 -56
57 -47 53
-53 55 -5
6 -8 7
-12 16 -6
6 -50 50
-56 56 -46
48 -21 20
-36 37 -32
33 -34 36
-38 39 -38
39 -38 38
-4 4 -3
5 -6 5
-8 9 -5
4 -7 6
-4 5 -11
10 -5 7
-6 8 -17
18 -13 15
-31 34 -46
48 -18 22
-30 32 -11
16 -22 29
-19 19 -27
28 -22 22
-28 29 -12
15 -22 22
-17 15 -23
22 -14 14
-28 29 -7
7 -18 12
-18 18 -7
3 -16 15
-15 13 -12
10 -11 13
15 16 24
26 49 48
-1 4 -5
-4 36 38
56 58 43
37 13 11
56 55 41
44 23 27
4 8 60
61 13 16
32 35 23
24 36 36
23 22 13
14 54 47
33 39 38
36 52 57
18 20 32
31 -8 -2
-9 -7 -25
-19 -20 -22
0 4 5
7 -38 -34
-23 -21 14
15 -32 -24
-11 -4 -33
-20 11 12
-3 -12 -30
-29 2 6
-58 -53 -20
-16 -26 -14
-57 -52 -2
0 -16 -11
-60 -57 -42
-40 -31 -31
-16 -15 -64
-62 -51 -49
-7 -8 -25
-23 -32 -30
-12 -10 2
1 -39 -36
-40 -37 -50
-40 -60 -57
-71 -69 -47
-42 -47 -43
-59 -54 -80
-71 -61 -65
-33 -35 -49
-44 -65 -54
-31 -26 -63
-65 -47 -47
-67 -64 -55
-54 -16 -14
-14 -10 -30
-24 -35 -33
-20 -18 14
14 18 18
-4 -2 -8
-7 5 5
-39 -37 8
22 34 28
-47 -44 7
6 -23 -20
39 41 -82
-85 -81 -76
-94 -90 -60
-60 -68 -63
-89 -86 -74
-70 -99 -97
-88 -85 -88
-85 -77 -75
-2 -2 -4
-3 -14 -12
-30 -27 14
14 -2 -2
3 8 7
8 2 5
-5 -3 -12
-11 -13 -14
-23 -22 -14
-13 -24 -25
-28 -27 -22
-14 -14 -16
54 54 53
51 40 40
65 64 58
60 38 35
15 13 31
36 36 39
12 17 16
14 45 39
55 54 -6
-4 24 25
14 13 11
12 -3 -1
4 3 6
11 -7 -7
-16 -14 -18
-18 -19 -16
-19 -19 -9
-9 39 33
58 57 63
59 73 71
8 9 30
30 58 54
61 61 -34
-34 12 11
1 -1 7
6 -20 -20
-10 -5 -12
-13 -30 -32
4 3 -9
-10 -27 -33
-15 -18 -41
-43 -28 -32
-6 -8 -16
-17 -27 -26
-32 -34 -14
-14 -17 -19
-34 -33 -26
-27 -18 -18
-30 -30 -32
-36 -10 -11
4 3 11
12 63 65
52 54 50
54 65 67
54 53 29
20 46 44
42 45 38
38 26 25
23 26 51
51 57 58
25 25 34
35 43 44
16 15 50
48 68 69
10 8 -13
-13 1 1
-9 -9 8
8 5 5
31 32 25
12 21 27
10 11 37
38 41 40
-2 6 -11
-9 10 11
1 12 -6
-7 12 12
11 11 3
-1 2 4
-12 -12 31
34 36 36
-20 -19 -20
-20 -19 -20
-10 -10 0
-2 4 3
-9 -9 -4
-1 16 14
2 1 5
6 3 1
4 3 7
5 6 6
4 8 13
14 2 7