28 -22 -14
24 -4 -18
16 -26 2
10 -14 8
12 14 -6
20 -4 -2
26 0 0
14 10 10
-26 -22 -14
-22 -4 -18
-14 -26 2
-8 -14 8
-10 14 -6
-18 -4 -2
-24 0 0
-12 10 10
-36 -36 -24
-34 -52 -18
-26 -44 -14
-28 -64 -12
-32 -42 -10
-34 -68 -16
-46 -66 -18
-24 -58 -8
-36 -80 -14
-26 -80 -14
-22 -74 -8
-44 -72 -10
-22 -50 -6
-20 -88 -16
-42 -84 -14
-14 -70 -10
-12 -84 -14
-30 -92 -18
-14 -64 -6
-16 -38 -10
-46 -72 -2
-14 -50 -8
-6 -78 -8
-34 -92 -10
-10 -62 -2
-6 -70 -2
-4 -90 -12
-20 -100 -12
-46 -82 -2
-10 -98 -12
-14 -42 -4
-8 -62 2
-30 -96 -2
-36 -90 0
-4 -80 2
-44 -70 6
-4 -68 6
-16 -56 0
-8 -94 -2
-6 -104 -2
-12 -46 2
-48 -78 8
-6 -88 2
-18 -102 2
-44 -86 10
-16 -68 4
-12 -76 8
-14 -50 4
-24 -96 8
-24 -58 6
-6 -82 10
-2 -94 4
-32 -88 10
-8 -100 10
-16 -58 8
-18 -64 10
-8 -70 12
-18 -98 18
-48 -76 20
0 -80 12
-42 -80 16
-4 -92 16
-18 -60 16
-26 -90 20
-34 -90 20
-8 -68 16
-2 -82 22
-10 -96 26
-16 -66 16
-18 -90 24
-4 -76 26
-28 -82 20
-6 -88 32
-32 -84 26
-14 -74 24
-18 -90 34
-24 -82 30
-12 -80 34
-14 -86 42
-22 -82 42
-12 -78 44
-50 6 -8
-56 -4 0
-62 -12 4
-66 -18 6
-52 -14 6
-42 -20 2
-66 -30 6
-52 -20 6
-60 -26 10
-40 -24 12
-34 -24 10
-36 -14 14
-62 -40 10
-42 -30 8
-34 -30 16
-34 -22 18
-40 -14 18
-48 -34 12
-54 -46 14
-58 -36 16
-48 -14 14
-54 -8 10
-64 -46 14
-40 -26 20
-40 -36 16
-58 -14 14
-60 -2 12
-48 -22 18
-66 -12 16
-48 -30 18
-62 -18 20
-60 2 22
-60 -6 20
-64 -10 28
-56 -2 28
-54 -10 32
-60 -10 38
-54 -6 36
-56 -20 42
-50 -16 40
-44 -12 38
-8 -6 42
-52 -4 48
-56 -16 50
-46 -28 44
-38 -18 40
-8 -10 48
-50 -26 54
-44 -12 50
-48 -18 54
-8 -20 48
-36 -20 46
-40 -4 58
-6 -28 50
-4 -12 54
-40 -16 58
-44 -32 64
-40 -26 54
-34 -46 62
-4 -22 58
-34 -38 62
-8 -40 58
-28 -12 60
-36 -16 68
-4 -12 62
-32 -30 64
-30 -24 60
-2 -32 60
-26 -40 62
-24 -48 64
-24 -12 72
-28 -32 72
-4 -22 64
-22 -28 56
-16 -10 66
-12 -46 70
-24 -20 72
-4 -42 66
-20 -50 68
-18 -26 64
-22 -38 72
-12 -8 72
-14 -50 74
-20 -30 68
-16 -14 74
-8 -16 74
-2 -30 70
-8 -40 76
-18 -40 74
-12 -26 74
-10 -34 72
-44 -42 -22
-50 -48 -20
-42 -54 -16
-44 -58 -10
-48 -62 -6
-58 -60 -4
-48 -66 2
-54 -68 6
-58 -60 6
-48 -62 10
-48 -70 16
-44 -62 16
-42 -72 22
-38 -86 24
-44 -78 28
-36 -84 34
-30 -76 30
-28 -70 26
-58 -22 38
-22 -72 36
-26 -68 38
-58 -30 46
-52 -28 42
-52 -34 44
-42 -40 42
-24 -64 48
-18 -78 50
-42 -32 42
-20 -68 46
-32 -40 42
-28 -60 52
-32 -48 46
-28 -54 48
-6 -76 52
-40 -36 50
-26 -64 56
-28 -56 56
-14 -72 56
-38 -42 56
-38 -52 58
-8 -70 60
-22 -68 62
-30 -62 62
-4 -54 58
-6 -62 60
-14 -64 60
-32 -52 68
-22 -58 64
-6 -54 68
-14 -58 68
-42 -2 50
-28 4 58
-32 -4 52
-24 -6 52
-22 8 62
-20 -6 60
-20 0 68
-52 6 28
-54 6 34
-42 2 32
-50 2 40
-48 -40 24
-58 -44 22
-60 -24 20
-54 -40 30
-58 -32 24
-62 -44 30
-58 -18 30
-62 -36 34
-64 -28 34
-56 -58 14
-48 -50 12
-36 6 -16
-38 2 -10
-38 10 -2
-40 -10 -10
-34 30 0
-46 -12 -4
-32 20 4
-40 -2 2
-38 -16 2
-32 26 8
-32 14 10
-36 -4 10
-38 18 8
-38 6 10
-38 -4 16
-42 14 2
-44 -2 12
-46 6 2
-48 -4 6
-54 6 2
-58 2 8
-54 8 12
-60 6 18
-30 42 30
-26 38 40
-8 28 28
-4 16 32
-2 0 36
-8 6 38
-8 -18 38
-6 16 40
-12 -32 40
-12 -20 40
-14 -40 46
-6 4 50
-12 -28 44
-4 -50 52
-10 -46 52
-12 -36 50
-4 4 58
-8 -48 60
-4 -2 64
-12 6 68
-8 -2 72
-20 12 -22
-12 22 -18
-14 24 -24
-10 34 -22
-28 16 -24
-8 20 -22
-24 28 -18
-18 40 -20
-4 38 -22
-8 50 -22
-2 20 -18
-4 16 -10
-10 62 -16
-22 62 -10
-28 2 -44
-42 -2 -44
-38 -12 -38
-28 -8 -34
-50 -14 -36
-18 -2 -30
-40 -18 -28
-36 18 -34
-26 8 -30
-44 -30 -22
-54 -32 -28
-20 -14 -30
-32 -24 -26
-38 8 -24
-44 6 -16
-28 -78 42
-60 -42 44
-56 -46 46
-32 -70 50
-48 -56 52
-50 -48 54
-54 -40 52
-38 -62 52
-48 -42 50
-42 -54 48
-44 -46 48
-28 -66 48
-34 -58 44
-36 -46 40
-32 -54 40
-60 -40 -20
-56 -58 -18
-60 -48 -12
-62 -50 -4
-24 14 52
-40 52 -4
-48 42 4
-38 50 6
-52 32 12
-28 56 10
-42 38 14
-50 10 12
-44 26 20
-38 46 18
-48 14 24
-48 6 22
-28 50 22
-42 34 22
-44 24 28
-42 38 30
-36 8 28
-46 22 36
-40 10 32
-34 32 38
-40 4 36
-28 46 -14
-36 16 -8
-30 24 -4
-10 -70 30
-10 -72 38
-4 -76 44
-4 -66 52
-4 18 24
-6 -38 24
-6 -26 28
-4 10 28
-4 -12 30
-4 -2 30
-4 -32 28
-2 -22 30
-4 24 48
-6 14 54
-48 -58 18
-46 -50 20
-60 -52 18
-44 -64 24
-44 -56 26
-52 -54 26
-62 -54 26
-48 -70 30
-48 -64 32
-46 -58 34
-54 -58 34
-38 -78 40
-60 -50 34
-46 -70 40
-46 -62 42
-54 -60 42
-38 -72 48
-52 -50 42
-44 -64 52
-46 8 -36
-52 -6 -32
-60 -22 -26
-54 4 -26
-48 14 -24
-62 -16 -20
-52 6 -16
-62 -34 -14
-60 -10 -14
-64 -24 -8
-54 -4 -10
-66 -36 -6
-52 -22 -8
-58 -32 -4
-58 -14 -4
-62 -42 0
-48 -34 -2
-58 -24 0
-54 -42 2
-60 -50 6
-54 -34 4
-50 -44 8
-28 16 -16
-34 12 -12
-36 36 -12
-38 24 -14
-6 32 -12
-38 50 -14
-4 54 -10
-46 30 -10
-4 24 -6
-8 46 -4
-50 40 -6
-16 66 -4
-4 36 -4
-28 58 -2
-44 28 -2
-8 68 2
-52 28 2
-44 20 6
-6 60 8
-6 44 6
-54 18 12
-20 66 10
-2 36 8
-8 68 16
-2 30 18
-24 58 20
-6 50 22
-8 36 20
-16 60 26
-6 62 28
-22 50 30
-4 36 34
-4 48 38
-12 52 40
-20 44 42
-46 14 40
-38 24 46
-26 28 44
-2 34 48
-8 42 52
-20 34 50
-42 6 48
-38 14 56
-30 16 56
-22 18 46
-6 24 60
-14 28 58
-22 22 58
-4 12 64
-16 14 66
-6 -46 8
-8 -54 8
-6 -46 14
-10 -58 16
-4 -54 18
-6 -44 20
-16 -64 22
-2 -48 24
-16 -68 26
-4 -60 22
-4 -42 26
-8 -52 26
-6 -66 26
-6 -46 30
-6 -58 30
-4 -40 30
-12 -50 30
-4 -64 32
-4 -34 36
-10 -42 34
-2 -14 36
-2 -26 38
-8 -54 34
-2 -70 36
-4 -32 42
-12 -48 38
-4 -40 42
-6 -62 38
-6 -54 42
-4 -68 44
-6 -48 44
-6 -58 48
-30 -32 -18
-20 -24 -22
-20 -36 -14
32 -36 -22
36 -52 -18
30 -32 -16
26 -48 -14
46 -56 -18
36 -66 -16
30 -46 -8
26 -72 -10
28 -60 -8
20 -32 -16
38 -78 -16
26 -82 -12
22 -44 -10
20 -70 -10
20 -60 -6
46 -78 -14
20 -88 -12
14 -80 -14
16 -36 -12
34 -90 -16
50 -62 -6
14 -50 -6
12 -62 -2
8 -72 -4
6 -90 -12
48 -76 -8
22 -98 -14
4 -82 -4
12 -96 -8
34 -94 -6
18 -44 -2
14 -56 2
4 -62 6
46 -66 0
42 -86 -4
4 -72 6
22 -100 -6
8 -92 0
52 -74 0
12 -64 6
26 -52 4
12 -44 2
14 -104 2
8 -82 6
26 -98 4
10 -98 4
24 -62 6
20 -54 8
50 -66 8
12 -72 10
34 -90 4
44 -80 4
14 -100 12
4 -86 10
4 -76 14
48 -72 12
22 -60 12
26 -96 14
6 -94 16
38 -84 10
14 -94 20
30 -88 12
8 -66 18
6 -80 22
18 -64 18
44 -80 16
26 -90 20
8 -90 28
34 -84 18
8 -74 28
18 -72 24
40 -84 26
18 -88 28
18 -64 26
10 -86 40
34 -76 22
28 -82 28
16 -80 36
24 -86 38
30 -76 40
22 -82 48
52 12 -10
60 -2 -6
54 2 -4
56 -12 -4
66 -8 -2
48 -12 0
62 -14 -2
40 -4 6
54 -12 4
68 -16 4
42 -20 2
62 -24 2
48 -36 4
56 -32 4
38 -10 12
38 -22 10
34 -18 12
60 -22 10
36 -10 18
42 -28 12
44 -2 14
34 -22 18
64 -36 12
64 -28 14
42 -12 18
38 -26 20
48 -32 16
50 -8 12
48 -18 18
60 -2 10
44 -28 20
58 -12 14
52 -22 18
66 -8 14
62 2 22
64 -6 24
64 -12 26
56 -4 24
60 -12 32
58 0 34
62 -10 40
56 -8 34
50 -6 32
56 -16 38
6 -2 42
60 -12 46
56 -4 44
50 -14 40
44 -12 38
52 -18 42
12 -16 42
10 2 46
50 -22 46
50 -14 50
40 -16 42
54 -18 54
10 -10 48
48 -8 52
40 -14 48
12 -22 46
48 -28 56
40 -20 48
46 -20 60
6 0 54
44 -8 60
6 -16 52
8 -30 50
40 -18 56
30 -38 56
40 -34 60
38 -24 52
14 -44 58
42 -28 66
6 -36 56
38 -16 66
32 -40 66
4 -24 58
32 -28 60
30 -34 66
30 -24 60
28 -12 66
8 -40 62
4 -10 66
28 -18 72
2 -34 64
24 -28 66
24 -42 66
22 -34 70
14 -42 68
20 -24 66
12 -4 72
20 -14 72
6 -40 70
14 -44 76
6 -20 74
12 -14 72
22 -38 74
16 -30 70
20 -30 76
4 -32 74
12 -38 78
14 -26 72
12 -32 76
48 -34 -22
46 -46 -20
52 -46 -18
50 -60 -12
58 -54 -16
56 -56 -4
62 -54 2
50 -60 4
52 -60 14
50 -54 14
46 -68 18
46 -76 28
38 -78 32
58 -18 34
36 -72 40
30 -66 34
56 -22 44
54 -28 52
32 -68 48
48 -36 56
24 -74 52
24 -66 46
48 -28 42
30 -64 52
38 -42 44
42 -38 56
14 -78 52
40 -32 44
36 -58 50
42 -28 44
36 -46 52
32 -58 58
6 -52 50
30 -50 52
34 -34 48
38 -40 58
18 -70 54
4 -66 52
24 -66 56
10 -72 54
8 -56 54
38 -48 62
30 -54 62
24 -60 62
20 -66 64
10 -64 62
6 -54 60
30 -48 70
22 -56 70
16 -56 68
8 -52 70
20 -48 70
42 -2 52
32 -2 52
26 4 52
34 -8 58
26 -8 52
24 -4 62
50 12 22
44 8 26
54 10 30
64 -46 4
56 -42 8
58 -54 8
52 -40 12
56 -40 20
64 -32 20
54 -32 24
64 -40 20
50 -28 26
64 -32 28
60 -20 20
56 -30 34
64 -40 28
60 -24 28
62 -28 38
64 -18 28
64 -34 40
64 -22 40
50 4 40
50 -2 48
38 8 -20
38 10 -12
46 6 -14
40 0 -12
40 10 -2
40 -6 -6
46 -10 -6
34 24 2
38 6 4
38 30 2
40 -14 2
34 20 10
42 24 6
34 6 10
48 20 2
38 12 10
44 12 4
40 2 14
50 8 0
48 0 6
52 14 8
58 4 6
56 8 12
60 10 20
32 48 20
28 44 32
4 24 26
4 10 34
4 -6 36
8 24 38
8 14 40
8 -26 40
8 -14 40
10 -34 42
14 -24 38
12 -40 44
8 14 50
16 -30 44
8 -42 50
14 -36 52
4 10 60
6 -46 58
6 0 66
10 -46 64
16 6 70
18 -4 68
20 14 -22
14 16 -16
16 26 -24
10 28 -20
10 40 -24
24 28 -18
16 48 -20
4 20 -20
4 40 -26
6 54 -22
14 60 -18
4 26 -12
6 64 -12
22 62 -10
28 2 -44
34 10 -40
48 -6 -40
40 -10 -34
32 -10 -36
20 0 -32
24 8 -32
50 -20 -30
42 -20 -26
38 20 -32
60 -20 -30
22 -12 -30
44 -30 -22
32 10 -28
34 -22 -26
22 -22 -24
42 12 -22
60 -46 32
58 -46 40
58 -38 38
40 -76 42
56 -50 46
60 -32 50
56 -42 48
48 -58 54
54 -34 50
50 -44 50
48 -50 54
48 -40 46
38 -68 50
42 -58 50
44 -48 46
44 -40 44
36 -52 42
60 -28 -24
60 -38 -18
64 -40 -10
66 -46 -2
34 20 -6
34 26 -8
24 40 -16
28 52 -14
40 52 -12
32 58 -2
44 50 -4
24 62 2
50 40 4
40 50 6
32 56 10
54 30 14
26 60 14
42 38 12
54 18 20
42 48 18
46 28 22
44 18 24
24 56 26
46 36 26
38 42 30
50 24 32
42 18 30
44 30 36
36 8 34
36 36 40
48 16 40
40 10 46
42 24 48
32 30 46
44 6 50
38 10 58
30 16 54
24 16 46
20 18 62
24 8 62
14 -68 36
14 -76 44
6 -74 46
6 -22 26
6 8 28
6 -32 26
6 0 30
6 -16 30
8 36 20
10 28 28
6 36 32
4 38 48
6 26 48
58 -48 10
52 -44 18
48 -58 20
50 -50 18
56 -46 22
50 -64 26
54 -42 28
46 -54 28
58 -52 24
54 -46 32
48 -60 34
48 -68 36
56 -54 34
48 -62 42
52 -58 44
44 -68 48
48 10 -36
50 0 -32
60 -8 -24
52 8 -26
48 18 -22
58 -4 -18
64 -24 -16
66 -12 -12
54 4 -14
68 -30 -12
50 -8 -12
64 -22 -8
50 -18 -10
54 -26 -6
64 -34 -2
48 -22 -4
48 -30 0
56 -38 0
28 18 -20
32 20 -12
36 26 -20
36 38 -12
42 26 -14
48 34 -14
42 26 -6
50 34 -6
52 30 2
56 22 10
6 46 -12
6 34 -6
8 52 -4
8 68 0
10 46 0
18 68 10
8 42 6
8 58 10
6 30 14
16 64 20
8 46 22
6 20 22
6 58 28
16 54 36
4 46 36
20 46 36
26 34 34
10 48 48
22 40 46
26 28 42
14 34 56
24 26 54
6 24 60
12 20 64
10 -48 8
10 -54 14
6 -46 14
16 -58 22
8 -42 22
6 -52 20
4 -62 22
4 -46 28
6 -66 28
8 -54 28
6 -38 32
4 -30 36
12 -44 34
4 -16 38
4 -66 36
10 -54 36
8 -50 44
6 -62 44
6 -38 40
8 -44 40
